
         1         2         3         4         5         6         7         8         9         0
123456789 123456789 123456789 123456789 123456789 123456789 123456789 123456789 123456789 123456789 123456789
$ None
 HI=1 F4=1 CN=1 AE=0 EM=1 SC=3 FI=0 PL=0 TS=0 AM=1 MG=0 LA=0 MS=0 XS=1   0   0
   400.000  1800.000     4.000     0.000     0.040    36.000    -1.000     0.001    0      0.000e+00    7
1M11111
  1.0000000e+00  3.9500000e-04  1.0000000e+00  1.0000000e+00  1.0000000e+00  1.0000000e+00  1.0000000e+00
     0.000     1.000                                                      s
    0    2   67    1    1    7    1
     0.000    70.000     0.000    70.000
     0.000     0.100     0.200     0.300     0.400     0.500     0.600     0.700
     0.800     0.900     1.000     1.250     1.500     1.750     2.000     2.250
     2.500     2.750     3.000     3.250     3.500     4.000     4.500     5.000
     5.500     6.000     6.500     7.000     7.500     8.000     8.500     9.000
     9.500    10.000    10.500    11.000    11.500    12.000    12.500    13.000
    13.500    14.000    14.500    15.000    16.000    17.000    18.000    19.000
    20.000    22.000    24.000    26.000    28.000    30.000    32.000    34.000
    36.000    38.000    40.000    42.000    46.000    50.000    54.000    58.000
    62.000    66.000    70.000
   87 User supplied profile
     0.000   977.000    18.600     AB   C666666
 8.323E+00 0.000E+00 0.000E+00 0.000E+00 0.000E+00 0.000E+00 0.000E+00
     0.035   973.000    18.200     AB   C666666
 7.597E+00 0.000E+00 0.000E+00 0.000E+00 0.000E+00 0.000E+00 0.000E+00
     0.253   947.870    16.230     AB   C666666
 7.305E+00 0.000E+00 0.000E+00 0.000E+00 0.000E+00 0.000E+00 0.000E+00
     0.457   925.000    14.400     AB   C666666
 7.041E+00 0.000E+00 0.000E+00 0.000E+00 0.000E+00 0.000E+00 0.000E+00
     0.557   914.010    13.490     AB   C666666
 7.018E+00 0.000E+00 0.000E+00 0.000E+00 0.000E+00 0.000E+00 0.000E+00
     0.862   881.290    10.710     AB   C666666
 6.947E+00 0.000E+00 0.000E+00 0.000E+00 0.000E+00 0.000E+00 0.000E+00
     1.115   855.000     8.400     AB   C666666
 6.889E+00 0.000E+00 0.000E+00 0.000E+00 0.000E+00 0.000E+00 0.000E+00
     1.164   850.000     8.400     AB   C666666
 6.692E+00 0.000E+00 0.000E+00 0.000E+00 0.000E+00 0.000E+00 0.000E+00
     1.167   849.690     8.380     AB   C666666
 6.685E+00 0.000E+00 0.000E+00 0.000E+00 0.000E+00 0.000E+00 0.000E+00
     1.472   818.850     6.840     AB   C666666
 6.136E+00 0.000E+00 0.000E+00 0.000E+00 0.000E+00 0.000E+00 0.000E+00
     1.481   818.000     6.800     AB   C666666
 6.121E+00 0.000E+00 0.000E+00 0.000E+00 0.000E+00 0.000E+00 0.000E+00
     1.653   801.000     6.600     AB   C666666
 4.648E+00 0.000E+00 0.000E+00 0.000E+00 0.000E+00 0.000E+00 0.000E+00
     1.777   788.990     5.690     AB   C666666
 5.002E+00 0.000E+00 0.000E+00 0.000E+00 0.000E+00 0.000E+00 0.000E+00
     1.871   780.000     5.000     AB   C666666
 5.285E+00 0.000E+00 0.000E+00 0.000E+00 0.000E+00 0.000E+00 0.000E+00
     2.029   765.000     4.600     AB   C666666
 4.519E+00 0.000E+00 0.000E+00 0.000E+00 0.000E+00 0.000E+00 0.000E+00
     2.081   760.130     4.210     AB   C666666
 4.418E+00 0.000E+00 0.000E+00 0.000E+00 0.000E+00 0.000E+00 0.000E+00
     2.386   732.020     1.900     AB   C666666
 3.858E+00 0.000E+00 0.000E+00 0.000E+00 0.000E+00 0.000E+00 0.000E+00
     2.531   719.000     0.800     AB   C666666
 3.613E+00 0.000E+00 0.000E+00 0.000E+00 0.000E+00 0.000E+00 0.000E+00
     2.678   706.000     0.000     AB   C666666
 2.159E+00 0.000E+00 0.000E+00 0.000E+00 0.000E+00 0.000E+00 0.000E+00
     2.691   704.830    -0.060     AB   C666666
 2.220E+00 0.000E+00 0.000E+00 0.000E+00 0.000E+00 0.000E+00 0.000E+00
     2.746   700.000    -0.300     AB   C666666
 2.495E+00 0.000E+00 0.000E+00 0.000E+00 0.000E+00 0.000E+00 0.000E+00
     2.931   684.000    -1.100     AB   C666666
 2.396E+00 0.000E+00 0.000E+00 0.000E+00 0.000E+00 0.000E+00 0.000E+00
     3.301   652.830    -2.460     AB   C666666
 1.077E+00 0.000E+00 0.000E+00 0.000E+00 0.000E+00 0.000E+00 0.000E+00
     3.311   652.000    -2.500     AB   C666666
 1.053E+00 0.000E+00 0.000E+00 0.000E+00 0.000E+00 0.000E+00 0.000E+00
     3.605   627.930    -4.880     AB   C666666
 1.112E+00 0.000E+00 0.000E+00 0.000E+00 0.000E+00 0.000E+00 0.000E+00
     3.910   603.890    -7.350     AB   C666666
 1.178E+00 0.000E+00 0.000E+00 0.000E+00 0.000E+00 0.000E+00 0.000E+00
     4.225   580.000    -9.900     AB   C666666
 1.252E+00 0.000E+00 0.000E+00 0.000E+00 0.000E+00 0.000E+00 0.000E+00
     4.441   564.000   -10.500     AB   C666666
 7.814E-01 0.000E+00 0.000E+00 0.000E+00 0.000E+00 0.000E+00 0.000E+00
     4.520   558.140   -11.140     AB   C666666
 7.287E-01 0.000E+00 0.000E+00 0.000E+00 0.000E+00 0.000E+00 0.000E+00
     5.088   518.000   -15.700     AB   C666666
 4.330E-01 0.000E+00 0.000E+00 0.000E+00 0.000E+00 0.000E+00 0.000E+00
     5.353   500.000   -18.100     AB   C666666
 4.328E-01 0.000E+00 0.000E+00 0.000E+00 0.000E+00 0.000E+00 0.000E+00
     5.625   482.000   -20.100     AB   C666666
 3.694E-01 0.000E+00 0.000E+00 0.000E+00 0.000E+00 0.000E+00 0.000E+00
     5.739   474.570   -21.140     AB   C666666
 3.920E-01 0.000E+00 0.000E+00 0.000E+00 0.000E+00 0.000E+00 0.000E+00
     6.044   455.170   -23.930     AB   C666666
 4.601E-01 0.000E+00 0.000E+00 0.000E+00 0.000E+00 0.000E+00 0.000E+00
     6.325   438.000   -26.500     AB   C666666
 5.325E-01 0.000E+00 0.000E+00 0.000E+00 0.000E+00 0.000E+00 0.000E+00
     6.958   400.840   -31.580     AB   C666666
 2.901E-01 0.000E+00 0.000E+00 0.000E+00 0.000E+00 0.000E+00 0.000E+00
     6.973   400.000   -31.700     AB   C666666
 2.857E-01 0.000E+00 0.000E+00 0.000E+00 0.000E+00 0.000E+00 0.000E+00
     7.263   383.840   -34.000     AB   C666666
 1.912E-01 0.000E+00 0.000E+00 0.000E+00 0.000E+00 0.000E+00 0.000E+00
     7.427   375.000   -35.300     AB   C666666
 1.512E-01 0.000E+00 0.000E+00 0.000E+00 0.000E+00 0.000E+00 0.000E+00
     7.597   366.000   -34.900     AB   C666666
 3.911E-02 0.000E+00 0.000E+00 0.000E+00 0.000E+00 0.000E+00 0.000E+00
     7.873   351.790   -35.400     AB   C666666
 2.441E-02 0.000E+00 0.000E+00 0.000E+00 0.000E+00 0.000E+00 0.000E+00
     8.152   338.000   -35.900     AB   C666666
 1.481E-02 0.000E+00 0.000E+00 0.000E+00 0.000E+00 0.000E+00 0.000E+00
     8.787   308.220   -40.080     AB   C666666
 1.420E-02 0.000E+00 0.000E+00 0.000E+00 0.000E+00 0.000E+00 0.000E+00
     8.973   300.000   -41.300     AB   C666666
 1.403E-02 0.000E+00 0.000E+00 0.000E+00 0.000E+00 0.000E+00 0.000E+00
     9.092   294.740   -41.990     AB   C666666
 1.504E-02 0.000E+00 0.000E+00 0.000E+00 0.000E+00 0.000E+00 0.000E+00
     9.109   294.000   -42.090     AB   C666666
 1.517E-02 0.000E+00 0.000E+00 0.000E+00 0.000E+00 0.000E+00 0.000E+00
     9.318   285.000   -43.300     AB   C666666
 1.712E-02 0.000E+00 0.000E+00 0.000E+00 0.000E+00 0.000E+00 0.000E+00
     9.701   269.130   -43.430     AB   C666666
 6.964E-03 0.000E+00 0.000E+00 0.000E+00 0.000E+00 0.000E+00 0.000E+00
     9.906   261.000   -43.500     AB   C666666
 4.157E-03 0.000E+00 0.000E+00 0.000E+00 0.000E+00 0.000E+00 0.000E+00
    10.006   257.120   -44.130     AB   C666666
 3.630E-03 0.000E+00 0.000E+00 0.000E+00 0.000E+00 0.000E+00 0.000E+00
    10.193   250.000   -45.300     AB   C666666
 2.795E-03 0.000E+00 0.000E+00 0.000E+00 0.000E+00 0.000E+00 0.000E+00
    10.311   245.570   -45.860     AB   C666666
 2.695E-03 0.000E+00 0.000E+00 0.000E+00 0.000E+00 0.000E+00 0.000E+00
    10.921   223.920   -48.780     AB   C666666
 2.230E-03 0.000E+00 0.000E+00 0.000E+00 0.000E+00 0.000E+00 0.000E+00
    11.282   212.000   -50.500     AB   C666666
 1.988E-03 0.000E+00 0.000E+00 0.000E+00 0.000E+00 0.000E+00 0.000E+00
    11.663   200.000   -50.300     AB   C666666
 1.541E-03 0.000E+00 0.000E+00 0.000E+00 0.000E+00 0.000E+00 0.000E+00
    12.171   185.000   -50.500     AB   C666666
 1.611E-03 0.000E+00 0.000E+00 0.000E+00 0.000E+00 0.000E+00 0.000E+00
    12.445   177.300   -51.390     AB   C666666
 1.666E-03 0.000E+00 0.000E+00 0.000E+00 0.000E+00 0.000E+00 0.000E+00
    13.054   161.320   -53.370     AB   C666666
 1.797E-03 0.000E+00 0.000E+00 0.000E+00 0.000E+00 0.000E+00 0.000E+00
    13.359   153.860   -54.370     AB   C666666
 1.866E-03 0.000E+00 0.000E+00 0.000E+00 0.000E+00 0.000E+00 0.000E+00
    13.523   150.000   -54.900     AB   C666666
 1.905E-03 0.000E+00 0.000E+00 0.000E+00 0.000E+00 0.000E+00 0.000E+00
    14.578   126.840   -58.290     AB   C666666
 2.143E-03 0.000E+00 0.000E+00 0.000E+00 0.000E+00 0.000E+00 0.000E+00
    14.883   120.840   -59.270     AB   C666666
 2.216E-03 0.000E+00 0.000E+00 0.000E+00 0.000E+00 0.000E+00 0.000E+00
    15.493   109.680   -61.230     AB   C666666
 2.377E-03 0.000E+00 0.000E+00 0.000E+00 0.000E+00 0.000E+00 0.000E+00
    16.012   101.000   -62.900     AB   C666666
 2.523E-03 0.000E+00 0.000E+00 0.000E+00 0.000E+00 0.000E+00 0.000E+00
    16.073   100.000   -62.900     AB   C666666
 2.549E-03 0.000E+00 0.000E+00 0.000E+00 0.000E+00 0.000E+00 0.000E+00
    17.000     0.000     0.000     66   6666666
 0.000E+00 0.000E+00 0.000E+00 0.000E+00 0.000E+00 0.000E+00 0.000E+00
    18.000     0.000     0.000     66   6666666
 0.000E+00 0.000E+00 0.000E+00 0.000E+00 0.000E+00 0.000E+00 0.000E+00
    19.000     0.000     0.000     66   6666666
 0.000E+00 0.000E+00 0.000E+00 0.000E+00 0.000E+00 0.000E+00 0.000E+00
    20.000     0.000     0.000     66   6666666
 0.000E+00 0.000E+00 0.000E+00 0.000E+00 0.000E+00 0.000E+00 0.000E+00
    22.000     0.000     0.000     66   6666666
 0.000E+00 0.000E+00 0.000E+00 0.000E+00 0.000E+00 0.000E+00 0.000E+00
    24.000     0.000     0.000     66   6666666
 0.000E+00 0.000E+00 0.000E+00 0.000E+00 0.000E+00 0.000E+00 0.000E+00
    26.000     0.000     0.000     66   6666666
 0.000E+00 0.000E+00 0.000E+00 0.000E+00 0.000E+00 0.000E+00 0.000E+00
    28.000     0.000     0.000     66   6666666
 0.000E+00 0.000E+00 0.000E+00 0.000E+00 0.000E+00 0.000E+00 0.000E+00
    30.000     0.000     0.000     66   6666666
 0.000E+00 0.000E+00 0.000E+00 0.000E+00 0.000E+00 0.000E+00 0.000E+00
    32.000     0.000     0.000     66   6666666
 0.000E+00 0.000E+00 0.000E+00 0.000E+00 0.000E+00 0.000E+00 0.000E+00
    34.000     0.000     0.000     66   6666666
 0.000E+00 0.000E+00 0.000E+00 0.000E+00 0.000E+00 0.000E+00 0.000E+00
    36.000     0.000     0.000     66   6666666
 0.000E+00 0.000E+00 0.000E+00 0.000E+00 0.000E+00 0.000E+00 0.000E+00
    38.000     0.000     0.000     66   6666666
 0.000E+00 0.000E+00 0.000E+00 0.000E+00 0.000E+00 0.000E+00 0.000E+00
    40.000     0.000     0.000     66   6666666
 0.000E+00 0.000E+00 0.000E+00 0.000E+00 0.000E+00 0.000E+00 0.000E+00
    42.000     0.000     0.000     66   6666666
 0.000E+00 0.000E+00 0.000E+00 0.000E+00 0.000E+00 0.000E+00 0.000E+00
    46.000     0.000     0.000     66   6666666
 0.000E+00 0.000E+00 0.000E+00 0.000E+00 0.000E+00 0.000E+00 0.000E+00
    50.000     0.000     0.000     66   6666666
 0.000E+00 0.000E+00 0.000E+00 0.000E+00 0.000E+00 0.000E+00 0.000E+00
    54.000     0.000     0.000     66   6666666
 0.000E+00 0.000E+00 0.000E+00 0.000E+00 0.000E+00 0.000E+00 0.000E+00
    58.000     0.000     0.000     66   6666666
 0.000E+00 0.000E+00 0.000E+00 0.000E+00 0.000E+00 0.000E+00 0.000E+00
    62.000     0.000     0.000     66   6666666
 0.000E+00 0.000E+00 0.000E+00 0.000E+00 0.000E+00 0.000E+00 0.000E+00
    66.000     0.000     0.000     66   6666666
 0.000E+00 0.000E+00 0.000E+00 0.000E+00 0.000E+00 0.000E+00 0.000E+00
    70.000     0.000     0.000     66   6666666
 0.000E+00 0.000E+00 0.000E+00 0.000E+00 0.000E+00 0.000E+00 0.000E+00
    3    0    0 selected x-sections are :
CCL4      F11       F12 
    2    0 XS 1995 UNEP values
     0.000     AAA
 1.105E-04 2.783E-04 5.027E-04
    16.073     AAA
 1.105E-04 2.783E-04 5.027E-04
1.03702766 450.325501750.19440    1   -4     0.48214722   12    1    1   13
1.03702766 450.325501750.19440    0   -4     0.48214722   12    1    1   14
-1.
$ Transfer to ASCII plotting data (TAPES 27 and 28)
 HI=0 F4=0 CN=0 AE=0 EM=0 SC=0 FI=0 PL=1 TS=0 AM=0 MG=0 LA=0 MS=0 XS=0    0    0
# Plot title not used
 450.325501750.19440   10.2000  100.0000    5    0   13    0     1.000 0  0    0
    0.0000    1.2000    7.0200    0.2000    4    0    1    1    0    0 0    3 27
 450.325501750.19440   10.2000  100.0000    5    0   14    0     1.000 0  0    0
    0.0000    1.2000    7.0200    0.2000    4    0    1    0    0    0 0    3 28
-1.
%%%